triples=451
inferencedtriples=0
dictionary-entries=362
inferenceTime=0.15007916699999996
parseTime=0.145440105
dictionaryInitialSortTime=0.004669204
dictionaryMergeTime=0.004120087000000022
tripleInitialSortTime=0.004853787000000054
tripleMergeTime=0.004804583999999945
totalTime=0.309298082
