triples=451
inferencedtriples=0
dictionary-entries=362
inferenceTime=0.203277248
parseTime=0.123908241
dictionaryInitialSortTime=0.015933674
dictionaryMergeTime=0.009031826999999992
tripleInitialSortTime=0.004744744000000023
tripleMergeTime=0.004751298000000015
totalTime=0.345713872
