triples=451
inferencedtriples=0
dictionary-entries=362
inferenceTime=0.220438332
parseTime=0.125609175
dictionaryInitialSortTime=0.016863577
dictionaryMergeTime=0.0057263190000000075
tripleInitialSortTime=0.0061507830000000485
tripleMergeTime=0.013286672
totalTime=0.371211916
