triples=451
inferencedtriples=0
dictionary-entries=362
inferenceTime=0.3001731630000001
parseTime=0.287436742
dictionaryInitialSortTime=0.012758091
dictionaryMergeTime=0.015680771999999954
tripleInitialSortTime=0.012799384999999996
tripleMergeTime=0.040970698999999944
totalTime=0.657062937
