triples=451
inferencedtriples=0
dictionary-entries=362
inferenceTime=1.9465608080000005
parseTime=0.501191998
dictionaryInitialSortTime=0.005711954
dictionaryMergeTime=0.01243926899999992
tripleInitialSortTime=0.00491119999999956
tripleMergeTime=0.005170917000000053
totalTime=2.470274479
