triples=451
inferencedtriples=0
dictionary-entries=362
inferenceTime=0.22106602799999994
parseTime=0.12175167
dictionaryInitialSortTime=0.007515311
dictionaryMergeTime=0.005191046000000005
tripleInitialSortTime=0.004458930000000083
tripleMergeTime=0.004349170999999985
totalTime=0.356817164
