triples=451
inferencedtriples=0
dictionary-entries=362
inferenceTime=0.31164904200000004
parseTime=0.150427998
dictionaryInitialSortTime=0.004968963
dictionaryMergeTime=0.004069740999999988
tripleInitialSortTime=0.0069377979999999395
tripleMergeTime=0.01415904400000001
totalTime=0.487244211
