triples=451
inferencedtriples=0
dictionary-entries=362
inferenceTime=0.19927641799999998
parseTime=0.108866455
dictionaryInitialSortTime=0.010318864
dictionaryMergeTime=0.02316923700000001
tripleInitialSortTime=0.005784765999999997
tripleMergeTime=0.005394341999999996
totalTime=0.342491617
