triples=451
inferencedtriples=0
dictionary-entries=362
inferenceTime=3.2763777220000003
parseTime=0.948564051
dictionaryInitialSortTime=0.018093711
dictionaryMergeTime=0.018397242000000036
tripleInitialSortTime=0.0069637309999999175
tripleMergeTime=0.006687659999999873
totalTime=4.256991453
