triples=451
inferencedtriples=0
dictionary-entries=362
inferenceTime=1.6308475910000002
parseTime=0.1415094
dictionaryInitialSortTime=0.004792424
dictionaryMergeTime=0.02289097299999998
tripleInitialSortTime=0.00532365999999973
tripleMergeTime=0.005364028000000243
totalTime=1.805935979
