triples=451
inferencedtriples=0
dictionary-entries=362
inferenceTime=0.20679254099999994
parseTime=0.10547473
dictionaryInitialSortTime=0.003925518
dictionaryMergeTime=0.003738245000000001
tripleInitialSortTime=0.003775510000000093
tripleMergeTime=0.00414126799999992
totalTime=0.323922601
