triples=451
inferencedtriples=0
dictionary-entries=362
inferenceTime=0.20230568899999998
parseTime=0.196002692
dictionaryInitialSortTime=0.010020361
dictionaryMergeTime=0.009277953000000005
tripleInitialSortTime=0.007719548999999992
tripleMergeTime=0.007703946000000017
totalTime=0.42301107
