triples=451
inferencedtriples=0
dictionary-entries=362
inferenceTime=0.21255800300000005
parseTime=0.128797642
dictionaryInitialSortTime=0.0070219
dictionaryMergeTime=0.006062857000000005
tripleInitialSortTime=0.00427624900000001
tripleMergeTime=0.0041851149999999615
totalTime=0.35588017
