triples=451
inferencedtriples=0
dictionary-entries=362
inferenceTime=0.19927124200000002
parseTime=0.113877776
dictionaryInitialSortTime=0.015884839
dictionaryMergeTime=0.012419723000000008
tripleInitialSortTime=0.004399774000000023
tripleMergeTime=0.0050145030000000035
totalTime=0.334983354
