triples=451
inferencedtriples=0
dictionary-entries=362
inferenceTime=0.301024033
parseTime=0.171643915
dictionaryInitialSortTime=0.005067061
dictionaryMergeTime=0.015561984000000001
tripleInitialSortTime=0.01942358799999999
tripleMergeTime=0.006930990000000081
totalTime=0.514584899
