triples=451
inferencedtriples=0
dictionary-entries=362
inferenceTime=0.18642861799999996
parseTime=0.157115288
dictionaryInitialSortTime=0.018382617
dictionaryMergeTime=0.009896787000000018
tripleInitialSortTime=0.00499116000000005
tripleMergeTime=0.004574333999999958
totalTime=0.363006906
