triples=451
inferencedtriples=0
dictionary-entries=362
inferenceTime=2.04247679
parseTime=0.405704891
dictionaryInitialSortTime=0.010574753
dictionaryMergeTime=0.018426946
tripleInitialSortTime=0.0050996850000002425
tripleMergeTime=0.01261110299999979
totalTime=2.484319857
