triples=451
inferencedtriples=0
dictionary-entries=362
inferenceTime=1.947153441
parseTime=0.371753308
dictionaryInitialSortTime=0.006113395
dictionaryMergeTime=0.01617785599999999
tripleInitialSortTime=0.007311956000000119
tripleMergeTime=0.005968348999999762
totalTime=2.348365236
