triples=451
inferencedtriples=0
dictionary-entries=362
inferenceTime=0.24877621900000002
parseTime=0.11144305
dictionaryInitialSortTime=0.003955757
dictionaryMergeTime=0.0037462789999999913
tripleInitialSortTime=0.003831593000000022
tripleMergeTime=0.00406906600000001
totalTime=0.371866534
