triples=451
inferencedtriples=0
dictionary-entries=362
inferenceTime=1.9463804900000001
parseTime=0.371052029
dictionaryInitialSortTime=0.005070511
dictionaryMergeTime=0.024104132999999972
tripleInitialSortTime=0.005012300000000192
tripleMergeTime=0.00801794400000011
totalTime=2.354567241
