triples=451
inferencedtriples=0
dictionary-entries=362
inferenceTime=0.13751765300000002
parseTime=0.138177977
dictionaryInitialSortTime=0.007288049
dictionaryMergeTime=0.005548235999999984
tripleInitialSortTime=0.006114538000000003
tripleMergeTime=0.0075396999999999825
totalTime=0.294899165
