triples=451
inferencedtriples=0
dictionary-entries=362
inferenceTime=0.253994544
parseTime=0.155399462
dictionaryInitialSortTime=0.004824622
dictionaryMergeTime=0.0038909470000000057
tripleInitialSortTime=0.00458689000000001
tripleMergeTime=0.004530439000000053
totalTime=0.422402599
