triples=451
inferencedtriples=0
dictionary-entries=362
inferenceTime=0.236882969
parseTime=0.151234994
dictionaryInitialSortTime=0.00761024
dictionaryMergeTime=0.008368970999999975
tripleInitialSortTime=0.00958376900000002
tripleMergeTime=0.01940598800000004
totalTime=0.425477399
