triples=451
inferencedtriples=0
dictionary-entries=362
inferenceTime=0.21298674599999995
parseTime=0.122487893
dictionaryInitialSortTime=0.017196997
dictionaryMergeTime=0.004534153999999999
tripleInitialSortTime=0.004520833000000002
tripleMergeTime=0.004430091999999997
totalTime=0.348960074
