triples=451
inferencedtriples=0
dictionary-entries=362
inferenceTime=0.19811831600000002
parseTime=0.11871871
dictionaryInitialSortTime=0.004365469
dictionaryMergeTime=0.014945951999999985
tripleInitialSortTime=0.003969875999999983
tripleMergeTime=0.0038878830000000364
totalTime=0.339641033
