triples=451
inferencedtriples=0
dictionary-entries=362
inferenceTime=0.223480771
parseTime=0.112579132
dictionaryInitialSortTime=0.011888384
dictionaryMergeTime=0.009750565000000003
tripleInitialSortTime=0.004311107000000036
tripleMergeTime=0.004489364999999967
totalTime=0.35461122
