triples=451
inferencedtriples=0
dictionary-entries=362
inferenceTime=0.20109254099999999
parseTime=0.130218543
dictionaryInitialSortTime=0.004526728
dictionaryMergeTime=0.00462981400000001
tripleInitialSortTime=0.004167299000000013
tripleMergeTime=0.004211827000000001
totalTime=0.344320425
