triples=451
inferencedtriples=0
dictionary-entries=362
inferenceTime=0.286053306
parseTime=0.131978469
dictionaryInitialSortTime=0.004454794
dictionaryMergeTime=0.004604176000000015
tripleInitialSortTime=0.004928525000000017
tripleMergeTime=0.005023121999999991
totalTime=0.432588207
