triples=451
inferencedtriples=0
dictionary-entries=362
inferenceTime=0.23373842800000003
parseTime=0.174666112
dictionaryInitialSortTime=0.004570011
dictionaryMergeTime=0.004207635999999987
tripleInitialSortTime=0.006766376999999935
tripleMergeTime=0.007136609000000016
totalTime=0.426516016
