triples=451
inferencedtriples=0
dictionary-entries=362
inferenceTime=0.18509160399999997
parseTime=0.133381849
dictionaryInitialSortTime=0.007397723
dictionaryMergeTime=0.006924691000000011
tripleInitialSortTime=0.015366215000000016
tripleMergeTime=0.014559520000000048
totalTime=0.355325607
