triples=451
inferencedtriples=0
dictionary-entries=362
inferenceTime=0.20758625000000003
parseTime=0.113915109
dictionaryInitialSortTime=0.015500672
dictionaryMergeTime=0.006838322999999993
tripleInitialSortTime=0.008012947999999964
tripleMergeTime=0.006603939000000003
totalTime=0.342956916
