triples=451
inferencedtriples=0
dictionary-entries=362
inferenceTime=0.233920633
parseTime=0.112835372
dictionaryInitialSortTime=0.005381604
dictionaryMergeTime=0.004154124999999995
tripleInitialSortTime=0.0040981160000000405
tripleMergeTime=0.015276409999999963
totalTime=0.37028525
