triples=451
inferencedtriples=0
dictionary-entries=362
inferenceTime=2.0485278199999994
parseTime=0.500612611
dictionaryInitialSortTime=0.005629802
dictionaryMergeTime=0.012080351000000045
tripleInitialSortTime=0.005401259000000103
tripleMergeTime=0.0056877100000001235
totalTime=2.572310218
