triples=451
inferencedtriples=0
dictionary-entries=362
inferenceTime=0.15529963100000002
parseTime=0.132082856
dictionaryInitialSortTime=0.005737776
dictionaryMergeTime=0.007938039000000008
tripleInitialSortTime=0.005711136999999977
tripleMergeTime=0.005572839999999968
totalTime=0.306605484
