triples=451
inferencedtriples=0
dictionary-entries=362
inferenceTime=0.253917848
parseTime=0.298715032
dictionaryInitialSortTime=0.018944786
dictionaryMergeTime=0.012428003999999993
tripleInitialSortTime=0.009761978999999976
tripleMergeTime=0.010873042000000055
totalTime=0.585696636
