triples=451
inferencedtriples=0
dictionary-entries=362
inferenceTime=0.207193559
parseTime=0.100413589
dictionaryInitialSortTime=0.003998637
dictionaryMergeTime=0.003915346
tripleInitialSortTime=0.0041212979999999955
tripleMergeTime=0.003946337999999994
totalTime=0.319590433
