triples=451
inferencedtriples=0
dictionary-entries=362
inferenceTime=0.30408294
parseTime=0.127402534
dictionaryInitialSortTime=0.004439358
dictionaryMergeTime=0.004533104999999982
tripleInitialSortTime=0.004450980999999965
tripleMergeTime=0.004575745999999992
totalTime=0.44504563
