triples=451
inferencedtriples=0
dictionary-entries=362
inferenceTime=0.140497459
parseTime=0.124077031
dictionaryInitialSortTime=0.005704236
dictionaryMergeTime=0.004814986999999993
tripleInitialSortTime=0.0048204560000000285
tripleMergeTime=0.004974018999999996
totalTime=0.279184328
