triples=451
inferencedtriples=0
dictionary-entries=362
inferenceTime=0.20065866500000004
parseTime=0.121014769
dictionaryInitialSortTime=0.021539866
dictionaryMergeTime=0.02365098800000001
tripleInitialSortTime=0.004565145999999909
tripleMergeTime=0.004423461000000017
totalTime=0.354313364
