triples=451
inferencedtriples=0
dictionary-entries=362
inferenceTime=0.280606394
parseTime=0.131548113
dictionaryInitialSortTime=0.005450597
dictionaryMergeTime=0.004166504000000015
tripleInitialSortTime=0.004539860000000062
tripleMergeTime=0.004605220999999937
totalTime=0.425466412
