triples=451
inferencedtriples=0
dictionary-entries=362
inferenceTime=2.1776852399999997
parseTime=0.435221489
dictionaryInitialSortTime=0.005346503
dictionaryMergeTime=0.018590789999999968
tripleInitialSortTime=0.004855590000000021
tripleMergeTime=0.005185909000000599
totalTime=2.641539454
