triples=1422
inferencedtriples=137
dictionary-entries=922
inferenceTime=0.10019439499999996
parseTime=0.20499197
dictionaryInitialSortTime=0.022889799
dictionaryMergeTime=0.008161033000000012
tripleInitialSortTime=0.010307451000000079
tripleMergeTime=0.00520890499999993
totalTime=0.328864334
