triples=451
inferencedtriples=0
dictionary-entries=362
inferenceTime=0.23058438399999998
parseTime=0.102961966
dictionaryInitialSortTime=0.003905826
dictionaryMergeTime=0.004009198999999991
tripleInitialSortTime=0.003734395000000057
tripleMergeTime=0.003996471999999973
totalTime=0.345286753
