triples=451
inferencedtriples=0
dictionary-entries=362
inferenceTime=0.261078676
parseTime=0.103026972
dictionaryInitialSortTime=0.003886528
dictionaryMergeTime=0.003619106000000011
tripleInitialSortTime=0.004212766999999951
tripleMergeTime=0.004426635000000068
totalTime=0.376364552
