triples=451
inferencedtriples=0
dictionary-entries=362
inferenceTime=0.22494884199999998
parseTime=0.12864353
dictionaryInitialSortTime=0.004835382
dictionaryMergeTime=0.0040653649999999875
tripleInitialSortTime=0.005552105000000029
tripleMergeTime=0.005408676000000001
totalTime=0.368618989
