triples=451
inferencedtriples=0
dictionary-entries=362
inferenceTime=0.191677929
parseTime=0.162531102
dictionaryInitialSortTime=0.005843153
dictionaryMergeTime=0.014064670000000001
tripleInitialSortTime=0.009083516000000014
tripleMergeTime=0.013982383999999959
totalTime=0.391340213
