triples=451
inferencedtriples=0
dictionary-entries=362
inferenceTime=1.212200202
parseTime=0.318117601
dictionaryInitialSortTime=0.008259537
dictionaryMergeTime=0.01086284799999998
tripleInitialSortTime=0.010481297000000112
tripleMergeTime=0.022071992999999956
totalTime=1.573734726
