triples=451
inferencedtriples=0
dictionary-entries=362
inferenceTime=0.201820693
parseTime=0.130770131
dictionaryInitialSortTime=0.005303822
dictionaryMergeTime=0.0041913049999999785
tripleInitialSortTime=0.0055283000000000415
tripleMergeTime=0.00491064699999999
totalTime=0.347221573
