triples=451
inferencedtriples=0
dictionary-entries=362
inferenceTime=0.639821186
parseTime=0.68346909
dictionaryInitialSortTime=0.048487147
dictionaryMergeTime=0.039178995999999966
tripleInitialSortTime=0.03024180199999993
tripleMergeTime=0.028611657000000124
totalTime=1.421324968
