triples=451
inferencedtriples=0
dictionary-entries=362
inferenceTime=0.25620348400000004
parseTime=0.117505349
dictionaryInitialSortTime=0.009378518
dictionaryMergeTime=0.004942946000000004
tripleInitialSortTime=0.004361930999999986
tripleMergeTime=0.004344226999999978
totalTime=0.387358279
