triples=451
inferencedtriples=0
dictionary-entries=362
inferenceTime=0.25400061600000007
parseTime=0.383316641
dictionaryInitialSortTime=0.009724349
dictionaryMergeTime=0.01615943799999997
tripleInitialSortTime=0.009016158999999968
tripleMergeTime=0.008498762999999965
totalTime=0.670992938
