triples=451
inferencedtriples=0
dictionary-entries=362
inferenceTime=0.148131683
parseTime=0.092538227
dictionaryInitialSortTime=0.003863067
dictionaryMergeTime=0.0037092100000000044
tripleInitialSortTime=0.003852365999999996
tripleMergeTime=0.00393423599999998
totalTime=0.252166056
