triples=451
inferencedtriples=0
dictionary-entries=362
inferenceTime=0.24018644700000005
parseTime=0.126249857
dictionaryInitialSortTime=0.005264534
dictionaryMergeTime=0.003995641999999994
tripleInitialSortTime=0.004006738999999926
tripleMergeTime=0.004239057000000046
totalTime=0.378678096
