triples=451
inferencedtriples=0
dictionary-entries=362
inferenceTime=0.43422065599999987
parseTime=0.482029522
dictionaryInitialSortTime=0.034441345
dictionaryMergeTime=0.04661696200000004
tripleInitialSortTime=0.019189820000000024
tripleMergeTime=0.018139338000000116
totalTime=1.00019845
