triples=451
inferencedtriples=0
dictionary-entries=362
inferenceTime=0.20527107999999997
parseTime=0.137073372
dictionaryInitialSortTime=0.020961802
dictionaryMergeTime=0.013753054000000015
tripleInitialSortTime=0.004625704000000064
tripleMergeTime=0.010864906000000008
totalTime=0.371588478
