triples=451
inferencedtriples=0
dictionary-entries=362
inferenceTime=0.21283404600000003
parseTime=0.148865781
dictionaryInitialSortTime=0.008437207
dictionaryMergeTime=0.014871282999999985
tripleInitialSortTime=0.004164834000000006
tripleMergeTime=0.0041818789999999995
totalTime=0.384918178
