triples=451
inferencedtriples=0
dictionary-entries=362
inferenceTime=0.49743859600000007
parseTime=0.160625107
dictionaryInitialSortTime=0.0044699
dictionaryMergeTime=0.003923846000000009
tripleInitialSortTime=0.0046563799999999045
tripleMergeTime=0.01566245300000002
totalTime=0.682306827
