triples=3
inferencedtriples=0
dictionary-entries=8
inferenceTime=0.1951147
parseTime=0.0528374
dictionaryInitialSortTime=0.0310536
dictionaryMergeTime=0.018499599999999998
tripleInitialSortTime=0.004774300000000009
tripleMergeTime=0.006284199999999962
totalTime=0.277511
