triples=451
inferencedtriples=0
dictionary-entries=362
inferenceTime=0.20253492099999998
parseTime=0.181224852
dictionaryInitialSortTime=0.017127929
dictionaryMergeTime=0.008321239000000008
tripleInitialSortTime=0.008941725999999983
tripleMergeTime=0.010715291000000016
totalTime=0.411739309
