triples=451
inferencedtriples=0
dictionary-entries=362
inferenceTime=0.9269136770000002
parseTime=0.306056315
dictionaryInitialSortTime=0.007699846
dictionaryMergeTime=0.009735097999999998
tripleInitialSortTime=0.006521419000000028
tripleMergeTime=0.006569119999999984
totalTime=1.255796218
