triples=451
inferencedtriples=0
dictionary-entries=362
inferenceTime=0.195908165
parseTime=0.134737851
dictionaryInitialSortTime=0.004297822
dictionaryMergeTime=0.0041171339999999945
tripleInitialSortTime=0.0045615310000000076
tripleMergeTime=0.004186248999999975
totalTime=0.343511272
