triples=451
inferencedtriples=0
dictionary-entries=362
inferenceTime=0.15561532600000005
parseTime=0.207135521
dictionaryInitialSortTime=0.01391445
dictionaryMergeTime=0.007331108000000003
tripleInitialSortTime=0.004292597999999925
tripleMergeTime=0.004502057000000059
totalTime=0.37887692
