triples=451
inferencedtriples=0
dictionary-entries=362
inferenceTime=0.22582067299999994
parseTime=0.130860342
dictionaryInitialSortTime=0.004329307
dictionaryMergeTime=0.00432906600000002
tripleInitialSortTime=0.004877655000000036
tripleMergeTime=0.02034699400000009
totalTime=0.386236105
