triples=1285
inferencedtriples=0
dictionary-entries=927
inferenceTime=0.2880035329999999
parseTime=2.753885875
dictionaryInitialSortTime=0.033093469
dictionaryMergeTime=0.039463135000000094
tripleInitialSortTime=0.02808615899999989
tripleMergeTime=0.03679016300000004
totalTime=3.146229547
