triples=451
inferencedtriples=0
dictionary-entries=362
inferenceTime=0.197117256
parseTime=0.115715027
dictionaryInitialSortTime=0.010143668
dictionaryMergeTime=0.010159686000000001
tripleInitialSortTime=0.005177237000000001
tripleMergeTime=0.004728478000000036
totalTime=0.332898174
