triples=451
inferencedtriples=0
dictionary-entries=362
inferenceTime=0.200877158
parseTime=0.121218904
dictionaryInitialSortTime=0.006957959
dictionaryMergeTime=0.004056513999999997
tripleInitialSortTime=0.009016746999999992
tripleMergeTime=0.0042576979999999764
totalTime=0.339427411
