triples=451
inferencedtriples=0
dictionary-entries=362
inferenceTime=0.199054713
parseTime=0.143400794
dictionaryInitialSortTime=0.007858742
dictionaryMergeTime=0.008163454000000014
tripleInitialSortTime=0.004933935
tripleMergeTime=0.005124699999999982
totalTime=0.360678201
