triples=451
inferencedtriples=0
dictionary-entries=362
inferenceTime=0.229958795
parseTime=0.261498401
dictionaryInitialSortTime=0.028382936
dictionaryMergeTime=0.016346597000000018
tripleInitialSortTime=0.011778767000000079
tripleMergeTime=0.010160657999999989
totalTime=0.529744837
