triples=451
inferencedtriples=0
dictionary-entries=362
inferenceTime=0.21721656199999995
parseTime=0.337999602
dictionaryInitialSortTime=0.008742631
dictionaryMergeTime=0.010036845000000016
tripleInitialSortTime=0.011490895999999973
tripleMergeTime=0.012018718000000095
totalTime=0.588763482
