triples=451
inferencedtriples=0
dictionary-entries=362
inferenceTime=1.0762201210000002
parseTime=0.515973027
dictionaryInitialSortTime=0.006985785
dictionaryMergeTime=0.022724548999999983
tripleInitialSortTime=0.007612815999999967
tripleMergeTime=0.008627122999999681
totalTime=1.631158376
