triples=451
inferencedtriples=0
dictionary-entries=362
inferenceTime=0.20838802799999998
parseTime=0.116567175
dictionaryInitialSortTime=0.015255124
dictionaryMergeTime=0.011951765000000003
tripleInitialSortTime=0.004923395000000053
tripleMergeTime=0.004925652999999974
totalTime=0.346756388
