triples=451
inferencedtriples=0
dictionary-entries=362
inferenceTime=0.21884936100000002
parseTime=0.18882947
dictionaryInitialSortTime=0.040632265
dictionaryMergeTime=0.015753725999999996
tripleInitialSortTime=0.019206783000000005
tripleMergeTime=0.010133645999999996
totalTime=0.452775615
