triples=451
inferencedtriples=0
dictionary-entries=362
inferenceTime=0.25808114200000004
parseTime=0.252868638
dictionaryInitialSortTime=0.011216541
dictionaryMergeTime=0.014274593000000002
tripleInitialSortTime=0.008979842000000016
tripleMergeTime=0.009308623999999988
totalTime=0.543514267
