triples=451
inferencedtriples=0
dictionary-entries=362
inferenceTime=0.619309925
parseTime=0.131525318
dictionaryInitialSortTime=0.004459257
dictionaryMergeTime=0.022811337999999987
tripleInitialSortTime=0.004221433999999968
tripleMergeTime=0.004358395999999987
totalTime=0.782226694
