triples=451
inferencedtriples=0
dictionary-entries=362
inferenceTime=0.14907935199999997
parseTime=0.123812108
dictionaryInitialSortTime=0.004034596
dictionaryMergeTime=0.018041414000000006
tripleInitialSortTime=0.003806551000000047
tripleMergeTime=0.003942885999999923
totalTime=0.298682667
