triples=451
inferencedtriples=0
dictionary-entries=362
inferenceTime=0.218991393
parseTime=0.153014911
dictionaryInitialSortTime=0.005127814
dictionaryMergeTime=0.003941689999999998
tripleInitialSortTime=0.003806374999999973
tripleMergeTime=0.004007954000000036
totalTime=0.383762635
