triples=451
inferencedtriples=0
dictionary-entries=362
inferenceTime=1.098623665
parseTime=0.563154213
dictionaryInitialSortTime=0.020338212
dictionaryMergeTime=0.030860537999999993
tripleInitialSortTime=0.006759784999999852
tripleMergeTime=0.006430190000000113
totalTime=1.705829195
