triples=451
inferencedtriples=0
dictionary-entries=362
inferenceTime=0.19580415999999998
parseTime=0.129546937
dictionaryInitialSortTime=0.004399174
dictionaryMergeTime=0.003940964999999991
tripleInitialSortTime=0.004600539000000015
tripleMergeTime=0.004628304999999999
totalTime=0.33852152
