triples=451
inferencedtriples=0
dictionary-entries=362
inferenceTime=0.219904026
parseTime=0.124053035
dictionaryInitialSortTime=0.02384072
dictionaryMergeTime=0.010115496000000002
tripleInitialSortTime=0.004438997999999972
tripleMergeTime=0.004238200000000025
totalTime=0.362750158
