triples=451
inferencedtriples=0
dictionary-entries=362
inferenceTime=0.20172217600000003
parseTime=0.125028191
dictionaryInitialSortTime=0.008539763
dictionaryMergeTime=0.007619008999999982
tripleInitialSortTime=0.004115089000000016
tripleMergeTime=0.004582460999999927
totalTime=0.343067217
