triples=451
inferencedtriples=0
dictionary-entries=362
inferenceTime=1.6422517120000002
parseTime=0.297700403
dictionaryInitialSortTime=0.005708498
dictionaryMergeTime=0.017514905999999997
tripleInitialSortTime=0.00588215099999978
tripleMergeTime=0.004931532000000072
totalTime=1.968281029
