triples=451
inferencedtriples=0
dictionary-entries=362
inferenceTime=0.20961608399999998
parseTime=0.127666978
dictionaryInitialSortTime=0.005127116
dictionaryMergeTime=0.004162565000000007
tripleInitialSortTime=0.004649577000000016
tripleMergeTime=0.005464599000000014
totalTime=0.35156059
