triples=451
inferencedtriples=0
dictionary-entries=362
inferenceTime=1.5788049320000004
parseTime=0.57232595
dictionaryInitialSortTime=0.005368089
dictionaryMergeTime=0.011776183000000051
tripleInitialSortTime=0.00389247999999931
tripleMergeTime=0.004010062999999953
totalTime=2.170809968
