triples=451
inferencedtriples=0
dictionary-entries=362
inferenceTime=0.203402877
parseTime=0.133425043
dictionaryInitialSortTime=0.004786304
dictionaryMergeTime=0.0038772300000000093
tripleInitialSortTime=0.006774747999999997
tripleMergeTime=0.015973935999999966
totalTime=0.363454574
