triples=451
inferencedtriples=0
dictionary-entries=362
inferenceTime=0.188471298
parseTime=0.115412522
dictionaryInitialSortTime=0.006037083
dictionaryMergeTime=0.007501147
tripleInitialSortTime=0.004151960999999982
tripleMergeTime=0.004062663000000022
totalTime=0.319599962
