triples=451
inferencedtriples=0
dictionary-entries=362
inferenceTime=1.293668183
parseTime=0.327530949
dictionaryInitialSortTime=0.005799525
dictionaryMergeTime=0.007467978999999958
tripleInitialSortTime=0.005863597999999914
tripleMergeTime=0.00584231699999993
totalTime=1.640373487
