triples=451
inferencedtriples=0
dictionary-entries=362
inferenceTime=0.2980960690000001
parseTime=0.150009769
dictionaryInitialSortTime=0.017541712
dictionaryMergeTime=0.023026089
tripleInitialSortTime=0.00562883599999997
tripleMergeTime=0.012396971000000034
totalTime=0.489158067
