triples=451
inferencedtriples=0
dictionary-entries=362
inferenceTime=0.42184708199999993
parseTime=0.16307718
dictionaryInitialSortTime=0.006055937
dictionaryMergeTime=0.007251198000000014
tripleInitialSortTime=0.006533894000000151
tripleMergeTime=0.006757284999999946
totalTime=0.60546801
