triples=451
inferencedtriples=0
dictionary-entries=362
inferenceTime=0.211214316
parseTime=0.236008877
dictionaryInitialSortTime=0.016871605
dictionaryMergeTime=0.008519398999999983
tripleInitialSortTime=0.011855748
tripleMergeTime=0.00828731399999999
totalTime=0.475886571
